Sample	0	0.5	1	10
RSA-0000108205	19199	13296	11629	4486
RSA-0000108206	18869	13299	11598	4485
RSA-0000108207	18991	13276	11622	4467
RSA-0000108208	18961	13356	11659	4491
RSA-0000108209	18820	13364	11701	4553
RSA-0000108210	18892	13357	11657	4531
RSA-0000108211	19069	13317	11618	4514
RSA-0000108212	18959	13268	11606	4469
RSA-0000108213	19038	13330	11699	4501
RSA-0000108214	18985	13428	11758	4515
RSA-0000108215	19145	13443	11757	4517
RSA-0000108216	18918	13290	11634	4477
RSA-0000108217	18981	13400	11687	4527
RSA-0000108218	19171	13394	11702	4518
RSA-0000108219	19056	13336	11701	4517
RSA-0000108220	19061	13288	11573	4451
RSA-0000108221	19094	13383	11657	4522
RSA-0000108222	18894	13438	11717	4540
RSA-0000108223	18860	13421	11728	4543
RSA-0000108224	19059	13419	11796	4573
RSA-0000108225	18852	13379	11696	4521
RSA-0000108226	19074	13460	11747	4525
RSA-0000108227	19077	13436	11733	4543
RSA-0000108228	19047	13394	11761	4561
RSA-0000108229	13283	11942	10900	4477
RSA-0000108230	18888	13338	11690	4672
RSA-0000108231	18639	12939	11334	4497
RSA-0000108232	18777	13280	11660	4701
RSA-0000108233	18383	12833	11231	4453
RSA-0000108234	18805	13353	11693	4665
RSA-0000108235	18610	12993	11353	4540
RSA-0000108236	18880	13286	11646	4633
RSA-0000108237	18464	12909	11343	4658
RSA-0000108238	18613	13351	11734	4705
RSA-0000108239	18197	12765	11210	4613
RSA-0000108240	18660	13383	11741	4695
RSA-0000108241	18398	12922	11366	4685
RSA-0000108242	18798	13396	11759	4692
RSA-0000108243	18498	12880	11354	4646
RSA-0000108244	18835	13217	11661	4662
RSA-0000108245	18433	12860	11275	4651
RSA-0000108246	18589	13207	11617	4574
RSA-0000108247	18169	12916	11318	4621
RSA-0000108248	18426	13217	11597	4583
RSA-0000108249	17952	12752	11248	4668
RSA-0000108250	18543	13203	11560	4585
RSA-0000108251	17991	12734	11188	4622
RSA-0000108252	18395	13086	11498	4542
RSA-0000108253	18837	13317	11733	4499
RSA-0000108254	18510	13217	11607	4555
RSA-0000108255	18669	13330	11742	4532
RSA-0000108256	18562	13296	11716	4551
RSA-0000108257	18643	13405	11799	4559
RSA-0000108258	18660	13254	11638	4580
RSA-0000108259	18619	13457	11804	4574
RSA-0000108260	18322	13255	11642	4534
