Pair	RSA-0000108205	RSA-0000108206	RSA-0000108207	RSA-0000108208	RSA-0000108209	RSA-0000108210	RSA-0000108211	RSA-0000108212	RSA-0000108213	RSA-0000108214	RSA-0000108215	RSA-0000108216	RSA-0000108217	RSA-0000108218	RSA-0000108219	RSA-0000108220	RSA-0000108221	RSA-0000108222	RSA-0000108223	RSA-0000108224	RSA-0000108225	RSA-0000108226	RSA-0000108227	RSA-0000108228	RSA-0000108229	RSA-0000108230	RSA-0000108231	RSA-0000108232	RSA-0000108233	RSA-0000108234	RSA-0000108235	RSA-0000108236	RSA-0000108237	RSA-0000108238	RSA-0000108239	RSA-0000108240	RSA-0000108241	RSA-0000108242	RSA-0000108243	RSA-0000108244	RSA-0000108245	RSA-0000108246	RSA-0000108247	RSA-0000108248	RSA-0000108249	RSA-0000108250	RSA-0000108251	RSA-0000108252	RSA-0000108253	RSA-0000108254	RSA-0000108255	RSA-0000108256	RSA-0000108257	RSA-0000108258	RSA-0000108259	RSA-0000108260
RSA-0000108205	100	97.08	97.37	96.81	98.19	97.72	97.51	97.31	98.76	97.3	97.74	96.96	97.86	97.91	97.86	97.55	98.08	97.64	97.31	97.89	97.82	97.71	98.23	98.25	76.77	97.8	97.58	98.17	96.9	98.11	98.25	96.78	95.88	98.04	97.12	98.23	97	96.66	97.66	98.15	96.82	97.31	96.52	97.63	94.96	97.69	96.23	97.36	97.74	97.53	97.2	98.05	97.61	97.12	96	95.8
RSA-0000108206	97.87	100	97.64	96.36	98.26	98.28	97.44	97.15	98.5	97.62	97.66	97.62	98.25	97.44	96.99	97.65	98.51	97.38	97.61	98.05	98.04	99.14	98.27	97.42	78.98	98.04	97.57	98.91	96.43	97.11	97.02	97.56	96.53	97.21	96.86	97.72	97.15	96.66	97.43	97.34	97.64	97.25	96.1	97	95.83	97.93	95.37	96.22	96.87	97.06	96.97	98.16	97.65	97.28	95.8	96.62
RSA-0000108207	97.4	97.11	100	96.58	97.48	96.97	97.55	96.76	97.76	97.14	97.95	96.37	95.99	97.19	96.82	96.63	97.58	98.08	96.22	97.16	96.93	97.38	97.35	95.67	77.39	97.28	96.65	97.69	95.28	97.21	96.52	96.84	95.65	96.89	95.91	97.34	95.81	96.08	96.27	97.05	96.03	97.76	95.33	95.69	95.05	96.98	94.59	95.99	96.25	96.97	95.85	96.94	96.66	97.39	95.64	95.85
RSA-0000108208	98.61	96.94	97.02	100	97.32	97.6	97.79	97.38	98.41	97.58	98.21	97.38	97.39	96.84	98.81	97.02	98.41	97.14	98	98.2	98.37	97.8	97.6	97.61	77.51	97.94	97.94	97.97	96.2	97.68	98.28	97.08	96.28	98.05	96.38	97.63	97.56	97.11	98.03	96.87	97.78	96.98	96.58	98.02	95.84	97.64	96.77	97.31	98.3	96.99	97.54	97.66	97.35	96.77	96.21	96.54
RSA-0000108209	98.08	97.18	96.8	96.8	100	97.66	97.24	96.77	98.73	96.79	97.46	96.98	97.43	98.09	97.21	97.42	98.52	97.63	96.98	97.44	98.06	98.28	98.09	97.03	77.67	97.62	97.15	97.83	96.45	97.79	97.3	97.13	96.57	96.57	97.22	97.09	96.99	96.29	98.18	97.35	97.69	97.76	96.2	97.26	95.98	97.53	95.89	96.74	97.34	97.51	97.47	98.17	97.67	97.33	95.87	96.9
RSA-0000108210	98.04	97.37	97.21	97.22	98.18	100	97.4	96.36	98.42	98	98.81	96.98	97.57	98.42	98.01	97.82	98.23	98.16	98.39	97.4	97.77	98.21	97.81	98.21	78.21	98.37	97.53	98.17	96.65	97.1	97.43	97.93	97.17	97.84	96.65	97.66	98.23	98.15	98.03	98.13	97.13	97.26	96.62	97.4	94.98	98.09	95.17	96.25	97.9	97.88	96.94	97.86	97.8	97.08	96.27	95.94
RSA-0000108211	98.66	97.81	97.86	97.67	97.59	97.67	100	98.42	98.26	97.86	97.5	97.67	97.27	97.49	98.04	97.5	98.47	97.81	97.64	98.45	98	97.68	97.85	97.67	77.22	98.19	98.18	98.02	97.12	98.35	98.51	97.54	97.01	97.62	97.55	97.64	98.25	96.93	97.67	96.96	97.87	98.1	96.44	97.59	95.92	97.24	96.18	97.38	97.73	97.9	97.19	98.1	98.02	97.27	96.55	97.74
RSA-0000108212	97.99	96.44	96.98	96.55	97.08	96.35	97.18	100	97.4	96.77	96.8	96.73	96.53	97.17	96.75	96.38	97.6	96.46	96.71	96.77	97.32	96.97	97.16	97.39	76.07	96.87	97.47	97.1	96.34	97.04	97.35	96.81	94.9	96.66	96.13	97.15	95.5	95.57	96.02	96.22	95.38	97.61	95.28	96.91	94.01	96.29	95.37	96.6	96.56	96.97	95.08	96.74	95.77	96.77	95.57	95.19
RSA-0000108213	98.66	97.62	97.12	97.3	98.43	97.87	97.31	97.11	100	96.48	98.09	97.06	97.44	97.7	98.06	98.1	99.04	97.4	97.84	98.46	98.81	98.06	98.44	97.87	77.74	97.59	97.54	98.81	95.73	97.95	98.06	97.77	96.56	97.64	96.64	97.46	97.82	96.75	98.5	97.18	97.41	98.32	96.87	96.77	96.6	97.26	96.6	96.95	97.92	97.67	98.26	97.88	97.42	96.66	95.89	95.76
RSA-0000108214	97.99	96.46	97.37	97.17	97.94	97.75	96.97	97.15	97.59	100	97.4	97.13	97.52	97.19	97.97	96.6	97.19	97.33	97.15	97.78	97.53	98.17	97.18	97.78	77.84	97.09	97.08	97.72	95.97	97.26	97.18	96.83	96.53	97.17	96.42	96.76	96.91	96.65	97.84	97.7	97.37	96.97	95.93	97.57	95.66	97.2	95.68	97.08	97.46	96.34	96.44	97.41	96.66	97.21	96.03	96.13
RSA-0000108215	98.22	96.45	97.84	96.91	97.22	98.18	97.3	97.27	98.56	97.09	100	96.51	97.06	97.51	97.82	98.03	98.22	97.6	98.17	97.46	97.24	98.01	98.2	97.31	75.07	97.2	96.45	97.97	95.81	96.56	96.63	96.75	95.84	97.21	96.07	97.03	96.97	96.97	97.41	98.09	96.16	96.62	96.07	95.96	94.9	97.42	94.88	95.89	97.48	97.65	96.31	96.84	97.78	97.87	96.1	95.53
RSA-0000108216	97.95	97.27	96.47	98.13	98.1	98.13	97.34	97.47	98.13	97.5	97.52	100	97.28	97.73	98.33	96.69	98.15	97.46	97.9	98.13	98.11	97.51	98.13	98.12	79.07	98.51	98.29	98.31	97.43	97.4	98.65	97.17	97.04	98.19	96.94	98.44	98.85	98.05	98.63	96.97	98.39	97.31	97.64	97.97	96.43	98.23	97.13	97.93	98.04	96.71	97.95	98.66	98.15	96.45	97.04	97.38
RSA-0000108217	98.22	96.94	96.63	96.6	97.56	97.4	96.64	96.59	98.23	97.22	97.63	96.79	100	97.43	97.01	97.82	98.03	96.79	97.4	98.2	97.4	98.23	97.63	97.22	77.48	97.36	97.56	98.18	96.5	97.54	97.23	96.71	96.09	96.57	96.66	97.04	97.15	96.72	97.21	96.91	97.42	97.02	96.02	96.78	95.99	97.88	95.04	95.8	96.88	96.84	96.78	97.87	97.38	96.83	95.69	96.16
RSA-0000108218	98.37	96.25	97.1	96.36	97.39	97.98	96.91	97.02	98.36	96.71	98.38	95.95	96.85	100	96.89	97.83	98.02	98.12	97.61	97.08	97.78	97.44	98.17	97.44	76.23	97.74	96.79	97.39	95.17	97.52	96.82	97.5	96.38	97.19	95.59	97.82	97.53	96.58	97.18	98.08	96.48	97.6	95.5	96.76	94.59	97.24	94.77	95.84	97.84	98.24	96.49	97.19	96.29	97.44	95.84	95.31
RSA-0000108219	97.37	95.94	96.42	98.12	97.1	97.73	96.99	96.55	97.95	96.79	97.96	96.94	96.58	97.04	100	96.65	97.58	96.92	97.16	97.55	97.7	96.79	96.99	97.39	77.24	97.27	97.65	97.1	95.04	97.4	97.32	96.42	96.66	97.91	96.11	97.14	98.1	96.61	98.33	96.46	97.26	96.91	96.29	96.69	95.62	95.88	96.25	96.59	97.38	96.51	97.22	97.12	96.16	96.15	96.18	95.38
RSA-0000108220	98.11	96.43	96.57	96.56	97.21	97.69	96.56	96.71	98.66	97.47	97.91	96.47	97.49	97.73	97.52	100	97.73	97.24	97.06	97.89	97.26	97.7	97.32	97.89	76.62	97.21	97.21	96.84	96.51	98.17	97.26	97.57	96.56	97.49	96.48	97.06	97.42	96.15	97.44	97.58	96.59	97.04	96.25	96.37	96.19	97.88	95.35	95	97.56	97.51	97.65	97.06	96.8	96.7	96.56	95.53
RSA-0000108221	98.4	97.39	97.66	97.31	98.14	98.36	97.85	97.31	99.1	96.53	98.4	97.25	97.8	98.23	97.84	97.84	100	97.79	97.64	98.75	98.9	98.92	98.39	97.69	76.67	98.32	98.1	98.52	96.42	98.06	97.82	97.71	96.98	98	96.44	98.04	97.36	96.77	98.19	97.54	96.94	97.85	96.03	96.59	94.85	97.65	95.95	96.71	97.3	97.27	97.15	97.83	97.15	96.91	95.11	95.14
RSA-0000108222	97.91	97.01	98.31	96.62	98.28	98.11	97.03	96.81	98.72	97.42	98.11	96.34	96.8	98.32	97.67	97.46	98.11	100	97.23	97.23	97.21	98.51	98.09	96.83	76.16	98.07	97.62	98.28	96.52	97.82	97.1	97.38	96.6	97.1	96.46	97.74	97.24	96.77	97.27	98.71	97.26	98.2	95.82	96.61	96.22	97.34	95.98	96.78	97.12	98.02	97.26	97.53	96.81	97.58	95.45	96.92
RSA-0000108223	97.4	96.66	95.94	96.56	96.68	97.96	96.75	96.92	97.97	96.54	97.79	96.51	96.93	97.59	97.36	96.77	97.78	97.12	100	97.16	97.75	97.79	98.17	98	76.85	97.93	96.45	98.15	96.65	97.03	97.19	96.87	97.17	97.81	96.19	97.2	97.35	97.49	97.83	96.85	97.35	97.16	95.93	97.17	95.63	97.85	94.93	96.22	97.42	97.23	96.42	97.83	96.65	96.99	95.36	95.82
RSA-0000108224	98.3	97.06	96.95	96.96	97.27	96.92	97.71	97.3	98.66	97.26	97.91	96.51	98.06	96.59	97.86	97.51	98.67	96.87	97.86	100	97.84	98.46	98.46	97.14	76.38	97.41	96.82	98.05	96.47	97.75	97.91	96.78	96.22	97.5	97.14	97.31	97.43	97.2	98.1	97	97.88	97.71	96.5	96.64	96.44	97.92	96.63	96.77	97.12	97.32	97.65	97.91	97.66	97.32	96.1	96.21
RSA-0000108225	97.99	97.1	96.35	97.15	97.94	97.14	97.15	97.13	98.99	97.14	97.78	96.93	97.55	97.79	97.54	97.15	98.79	96.67	97.75	98.38	100	98.17	98.77	96.94	78.9	97.91	97.91	98.34	96.13	97.46	97.39	97.26	96.7	97.57	96.54	98.04	97.54	96.23	98.24	97.05	97.52	97.38	96.32	96.72	95.79	97.6	96.29	96.61	98.28	96.98	97.76	98.26	97.31	96.76	95.29	95.84
RSA-0000108226	97.51	97.2	97.67	96.67	97.59	97.87	96.86	96.66	99.03	96.65	97.69	97.02	98.23	97.49	97.08	97.48	98.45	97.82	97.08	98.06	98.01	100	98.24	97.29	76.42	97.8	97.39	98.21	96.91	97.98	97.03	97.16	97	97.47	96.18	97.48	96.92	96.79	97.85	97.38	96.93	98.1	95.78	96.15	94.58	98.1	95.69	96.06	96.89	97.08	96.97	97.46	97.2	96.47	95.04	95.28
RSA-0000108227	98.11	97.42	97.12	96.9	97.65	96.93	97.72	97.26	98.47	96.67	97.94	97.26	97.29	97.35	98.08	97.15	98.48	97.65	98.45	98.28	98.04	97.7	100	96.75	76.83	97.85	97.44	98.26	96.36	97.16	96.94	97	95.86	97.73	96.77	97.93	97.48	96.63	97.48	97.41	96.81	97.7	95.65	96.85	95.35	97.5	95.54	96.97	97.18	97.12	97.25	98.12	97.46	97.14	95.57	96
RSA-0000108228	98.66	96.22	96.31	96.89	97.61	98.06	97.29	97.65	98.45	97.86	97.33	96.67	97.43	97.69	97.67	97.48	98.06	97.21	98.25	97.49	97.25	97.69	97.24	100	75.81	97.42	97.6	97.82	96.05	97.78	98.11	97.18	95.96	97.47	96.9	97.09	97	97.39	98.1	97.39	96.78	97.28	96.67	97.87	95.69	97.08	95.08	96.73	98.35	97.73	96.76	97.49	96.77	96.46	96.09	95.14
RSA-0000108229	91.73	92.03	90.98	91.37	93.28	89.72	91.3	90.51	92.63	90.55	90.77	90.47	93.75	91.53	92.24	90.77	91.25	90.94	91.05	92.63	91.89	91.57	91.47	90.73	100	90.97	91.79	92.77	92.01	91.25	92.1	91.63	92.22	92.03	93.53	92.49	93.53	93.33	92.8	91.66	93.07	90.68	89.92	91.93	92.8	92.4	90.91	90.12	92.55	90	93.3	92.8	92.4	90.4	92.03	91.46
RSA-0000108230	97.54	96.42	96.47	96.66	97.26	97.5	96.9	96.25	98.36	96.45	97.12	97.08	97.5	97.56	96.91	96.32	98.36	97.67	97.91	97.31	98.12	97.94	97.72	96.72	77.12	100	97.75	98.38	96.31	97.11	97.92	97.32	96.98	97.87	96.02	97.64	98.06	97.09	98.06	96.87	97.15	97.61	95.25	96.98	95.44	98.07	95.86	96.84	96.84	97.19	97.11	97.82	96.45	96.11	94.98	95.91
RSA-0000108231	98.21	94.8	95.12	97.14	96.88	95.69	96.75	96.71	97.56	95.7	95.99	95.92	96.14	96.21	96.57	95.76	97.62	94.9	97	95.75	96.6	96.79	96.82	96.01	74.2	97.27	100	97.31	97.28	98.41	98.67	96.63	96.06	96.44	96.8	97.55	98.04	96.97	97.47	95.68	97.37	97.88	96.64	95.89	95.71	95.81	95.96	96.48	97.14	96.85	97.06	96.21	96.97	96.46	95.56	94.65
RSA-0000108232	98.27	97.62	96.91	96.73	98.03	97.27	97.09	97.05	98.28	96.26	96.77	96.69	98.46	97.9	97.3	96.72	98.47	97.06	97.87	98.07	97.29	98.65	97.88	96.57	77.99	98.1	98.47	100	97.57	98.07	98.45	98.09	97.61	97.37	97.73	98.6	97.99	97.47	98.2	97.12	98.16	97.94	96.02	97.12	96.42	98.37	97.02	96.18	97.2	97.6	97.72	98.38	97.93	96.38	96.71	96.11
RSA-0000108233	97.65	94.95	95.2	95.71	96.84	95.93	96.9	96.88	97.38	95.92	95.31	95.69	96.43	96.51	95.98	95.53	96.99	94.8	97.67	96.46	96.96	97.66	96.97	96.73	77.64	96.39	98.03	97.98	100	97.52	98.69	97.27	97.52	97.16	98.18	98.12	97.53	97.19	98.88	96.59	98.15	96.83	97.15	97.34	96.6	96.65	96.39	95.85	97.19	96.64	97.11	96.85	97.58	95.91	96.66	95.7
RSA-0000108234	98.28	95.53	97.16	96.48	97.55	96.93	97.15	96.9	98.26	96.44	97.18	95.79	97.15	97.43	97.17	97.4	97.82	97.55	97.15	97.8	97.59	97.83	97.37	97.62	77.16	96.99	98.05	98.05	97.48	100	97.35	97.61	97.27	97.02	97.91	97.32	98.17	97.35	98.41	98.25	98.38	98.42	96.69	97.25	96.94	97.78	96.66	96.75	98.66	98.22	98.15	97.74	97.9	97.99	97.69	96.69
RSA-0000108235	97.91	95.82	95.52	96.61	96.98	95.71	96.79	96.57	97.46	95.92	95.41	96.11	96.83	96.26	96.84	95.18	96.71	95.54	97.28	96.43	96.84	97.48	96.69	97.3	74.79	97.4	98.83	98.02	98.22	97.99	100	97.18	97.36	97.23	97.52	98.51	97.56	97.31	98.78	96.51	98.1	97.34	96.28	97.17	95.83	96.13	96.68	96.84	96.82	96.97	97.37	96.96	97.15	95.67	96.09	95.65
RSA-0000108236	98.26	96.43	97.13	96.49	98	97.35	97.13	96.66	98.47	96.42	97.17	96	96.93	98.04	97.59	97.37	98.03	97.77	97.58	97.57	98.02	97.6	98.02	97.62	75.91	97.41	97.59	98.71	97.24	98.47	98.01	100	97.94	97.28	97.41	97.76	98.15	97.57	98.61	98.02	97.91	98.4	96.42	97.66	96.67	97.31	96.43	96.28	97.77	98.18	97.91	97.74	97.91	97.5	96.75	96.21
RSA-0000108237	95.64	94.2	94.24	94.5	95.01	95.04	94.91	94.67	96.25	94.63	95.27	93.96	94.92	95.63	95.19	94.12	95.67	94.25	96.21	95.19	95.19	96.22	95.84	93.5	76.23	95.7	95.81	96.37	96.06	95.89	95.97	96.1	100	96.39	96.6	96.44	98.02	96.9	98.43	96.77	98.02	95.72	96.68	95.54	95.79	96.15	95.62	95.33	96.19	95.65	97.22	96.53	96.1	94.84	95.27	94.96
RSA-0000108238	97.67	96.17	96.24	97.42	96.67	96.23	96.69	96.45	97.89	95.97	97.43	96.45	96.48	97.67	97.65	96	97.66	96.92	97.9	97.88	98.35	97.42	97.64	96.96	78.59	97.89	98.11	98.12	97.29	96.93	98.32	97.42	98.31	100	96.83	98.58	98.31	97.91	98.79	97.9	98.05	97.37	97.27	97.58	95.78	97.61	97.01	98.06	98.09	96.9	98.05	97.11	97.53	96.41	96.6	96.26
RSA-0000108239	97.45	94.7	95.03	94.99	96.41	94.31	95.79	95.46	96.96	95.5	95.14	94.06	95.53	95.81	95.3	94.82	96.13	95.01	96.27	95.79	95.56	96.73	96.29	95.1	77.51	95.49	97.13	97.3	97.74	97.95	97.55	96.79	97.61	95.92	100	96.71	97.81	97.24	98.27	97.3	98.47	97.4	96.82	97.06	96.54	96.19	96.29	96.34	97.2	96.62	97.85	97.13	98.1	96.67	96.23	95.69
RSA-0000108240	98.4	95.59	96.33	96.57	96.95	96.33	96.32	97.21	98.17	96.09	96.8	96.31	96.32	97.95	97.02	96.08	97.95	96.73	97.04	97.01	97.24	97.96	98.15	96.11	77.47	97.04	97.71	97.96	97.38	97.47	98.61	97.47	97.89	98.15	96.68	100	97.89	97.29	98.61	97.7	98.1	97.43	97.09	97.42	95.92	97.21	97.58	96.46	98.15	97.23	98.34	97.67	98.08	96.53	96.49	95.92
RSA-0000108241	95.66	93.47	94.49	95.4	95.08	95.34	95.18	94.28	96.78	95.16	95.53	95.15	95.4	95.92	96.32	95.02	95.53	94.26	95.88	95.47	95.89	95.67	95.71	94.63	75.83	96.18	97.56	96.26	96.01	97.47	97.1	96.4	97.99	96.3	96.95	96.77	100	96.2	98.6	95.84	98.38	96.45	97.46	95.23	95.92	96.44	96.78	95.19	97.19	95.33	98.25	96.65	96.43	94.65	95.61	94.65
RSA-0000108242	97.84	95.32	95.88	96.72	97.14	97.37	96.5	96.71	97.82	96.93	97.42	95.83	96.5	96.99	96.53	97.15	98.05	96.48	98.05	96.5	96.94	97.83	97.61	97.39	79.81	96.95	97.59	98.27	96.3	97.6	98.01	97.14	98.01	97.76	97.5	97.58	97.75	100	98.45	98.28	98	97.12	97.03	97.77	96.31	97.8	96.07	97.05	98.24	97.31	97.27	98.01	97.29	98	97.05	96.23
RSA-0000108243	96.53	94.71	94.79	95.44	96.41	95.2	95.68	94.19	97.33	94.75	95.19	94.59	95.65	95.93	96.5	94.83	95.62	93.94	96.32	95.93	96.13	96.51	95.97	94.67	75.41	96	96.68	97.04	96.75	96.96	97.02	96.33	97.68	96.66	96.51	96.72	98.08	96.2	100	96.04	97.67	96.46	96.78	95.49	96.04	95.6	95.91	95.23	96.73	95.1	97.68	96.19	96.21	94.31	94.99	93.78
RSA-0000108244	97.91	95.71	97.06	95.58	97.4	96.81	96.01	96.15	97.91	96.79	97.28	94.92	96.18	98.11	96.63	97.04	97.49	97.65	97.03	97.03	96.58	98.1	97.26	95.77	76.9	96.65	96.19	97.71	96.03	97.64	97.2	97.69	98.06	97.18	97.34	97.43	97.37	97.3	98.28	100	97.83	97.42	96.01	96.93	96.45	97.67	96.19	96.72	97.46	97.65	98.05	97.65	97.41	97.87	96.71	96.84
RSA-0000108245	96.96	94.98	94.88	95.78	95.92	95.52	95.79	95.04	97.34	95.97	95.87	95.73	95.77	95.65	96.47	95.18	96.75	95.51	96.44	97.35	96.64	96.71	96.25	95.36	78.36	96.21	96.95	97.37	97.04	97.28	97.32	96.4	98.7	96.53	98.26	97.04	98.92	97.79	99.15	97.01	100	96.16	97.65	97	96.93	96.88	97.43	97.01	97.62	96.36	98.9	97.48	98.44	96.2	97.11	97.15
RSA-0000108246	98.12	96.64	97.65	96.44	98.32	96.94	97.63	97.38	99.3	97.15	97.63	96.43	97.13	97.88	96.93	97.86	98.35	98.34	97.86	98.1	98.09	98.57	97.85	96.68	77.3	97.84	98.32	98.33	97.2	99.04	98.29	98.56	96.83	97.56	97.5	97.59	97.75	97.88	98.3	98.12	97.33	100	96.53	97.59	96.54	97.41	96.76	97.34	97.84	98.32	97.8	97.84	97.56	97.37	96.34	96.25
RSA-0000108247	97.12	94.75	94.39	96.33	96.02	95.1	95.62	95.81	96.86	96.83	95.68	96.79	96.08	95.63	96.84	94.93	96.41	94.83	96.85	95.88	97.05	96.6	95.84	95.66	76.8	96.83	97.81	97.35	97.26	97.02	98.29	96.09	98.33	97.76	98.07	97.78	98.8	98.07	98.57	96.7	98.6	96.36	100	98.24	96.62	96.84	98.09	98.01	97.37	95.82	97.83	97.55	98.05	96.1	97.59	95.88
RSA-0000108248	98.08	95.78	95.4	97.07	96.57	96.61	96.6	97.32	97.11	97.79	96.62	97.07	96.81	96.63	96.87	96.37	96.87	96.3	97.82	97.09	96.59	96.62	96.37	97.35	78.81	96.84	97.78	97.12	97.43	97.53	98.52	96.81	97.48	97.24	97.95	97.02	97.71	98.8	98.24	97.58	98.25	97.57	98.21	100	95.74	97.35	96.95	97.55	98.55	97.11	97.51	97.56	97.79	97.59	97.5	96.74
RSA-0000108249	96.59	95.4	95.46	96.03	96.76	95.98	95.21	95.17	97.35	95.46	96.34	95.44	95.48	95.79	96.82	96.33	96.59	95.97	96.82	97.62	97.06	96.57	96.85	95.76	78.57	96.82	97.1	96.88	97.03	97.31	97.34	96.27	97.44	97.03	97.41	96.28	98.19	97.14	98.73	96.9	98.49	97.34	97.67	96.79	100	96.59	97.17	97.31	97.14	96.76	98.69	96.78	97.91	96.81	97.66	96.65
RSA-0000108250	97.26	96.22	96.31	96.3	96.95	96.76	95.88	95.36	97.93	96.53	97.94	95.81	96.76	97.71	96.56	96.77	97.95	96.48	98.16	97.48	97.9	97.93	97.67	95.86	78.41	97.9	96.47	97.92	95.83	97.2	96.91	96.95	97.36	97.13	96.85	97.2	97.83	97.93	97.88	97.72	97.42	96.76	96.65	97.15	95.88	100	95.93	96.28	97.47	97	96.95	98.83	97.86	97.46	96.43	96.37
RSA-0000108251	97.73	95.31	95.41	96.94	96.63	96.66	96.19	96.9	97.95	96.92	96.97	97.18	95.89	95.96	97.72	95.7	97.25	96.16	96.95	97.96	97.68	97.23	97.45	96.94	78.26	96.9	97.71	97.22	97.37	97.41	97.91	96.64	97.52	98.16	97.2	97.94	98.24	97.48	98.76	97.01	98.78	96.93	98.76	97.63	96.98	96.94	100	98.43	98.22	96.38	98.73	97.42	98.47	96.16	97.43	96.76
RSA-0000108252	98.23	95.87	96.18	97.2	97.68	96.43	96.69	97.18	97.7	97.18	96.95	97.7	96.4	96.96	96.94	95.93	97.73	96.94	96.94	97.45	97.68	97.21	97.45	97.19	77.29	97.18	97.91	97.45	96.52	97.15	97.88	96.39	97.07	98.16	97.58	97.65	98.11	96.94	98.67	97.2	98.42	97.18	97.6	97.95	96.54	96.97	97.84	100	98.22	96.96	97.95	97.2	97.92	96.97	96.33	97.07
RSA-0000108253	97.24	93.83	95.28	96.56	95.66	96.09	95.92	95.88	97.65	95.86	96.81	95.4	95.28	96.81	96.15	95.96	96.4	95.85	96.75	96.37	97.62	96.16	96.58	96.8	76.85	95.86	97.18	95.74	95.88	96.95	96.25	96.27	95.99	97.1	95.89	96.25	97.74	97.42	97.13	97.04	96.73	96.05	96.19	96.68	94.35	96.77	95.91	96.7	100	96.79	97.65	96.5	97.23	96.56	95.67	95.48
RSA-0000108254	97.74	95.55	97.04	96.12	97.65	97.93	97.01	97	97.94	96.3	98.18	95.18	96.07	98.18	95.9	97.71	97.94	98.16	97.45	96.79	96.79	97.73	96.77	97.28	75.65	97.23	97.65	97.25	96.03	98.12	97.15	97.42	96.8	96.66	96.76	96.7	97.55	97.46	97.09	98.15	96.59	97.68	95.82	96.97	96.05	97.69	95.5	96.69	97.71	100	96.92	97.25	97.39	98.4	97.13	96.89
RSA-0000108255	97.15	95.44	95.51	95.94	96.38	95.51	95.76	95.46	97.55	94.84	96.69	95.93	95.75	96.67	97.1	96.43	96.71	96.85	96.39	97.76	97.08	96.66	97.08	95.79	77.94	96.64	97.76	96.88	96.04	97.51	97.71	97.29	98.18	97.5	97.67	97.28	99.54	97.12	98.86	97.37	98.65	96.62	97.04	97.46	97.47	97.33	97.67	96.33	98.05	97.09	100	97.98	98.24	96.23	97.59	96.27
RSA-0000108256	96.71	95.41	95.79	96.47	97.49	96.39	95.76	95.26	97.55	95.76	96.91	96.15	97.08	96.9	96.44	96.23	97.34	97.07	97.33	97.77	98.2	97.33	97.08	96.43	77.13	97.74	97.5	97.54	96.19	97.02	97.7	97.5	97.89	97.21	97.37	97	98.34	97.08	98.37	97.11	98.38	97.26	96.7	96.82	96.69	98.88	96.45	96.55	97.11	96.9	97.97	100	97.94	96.9	97.06	96.95
RSA-0000108257	97.76	95.84	95.7	95.7	96.81	96.37	96.15	96.08	97.75	96.56	97.1	96.31	97.04	96.19	96.6	96.64	97.54	96.13	96.82	97.06	97.47	97.54	96.84	95.71	77.67	97.06	97.04	97.74	96.9	97.22	97.69	97.02	97.69	97.23	98.32	97	98.83	97.31	98.85	97.33	98.41	96.78	97.69	97.24	97.22	97.97	97.88	96.74	98.23	96.58	98.88	97.94	100	96.6	97.56	96.92
RSA-0000108258	97.24	95.41	96.99	96.34	97.38	96.33	95.74	96.3	97.23	96.75	98.1	95.25	95.91	97.23	95.73	97.41	97.44	96.97	96.77	96.56	96.99	97.22	96.99	95.51	78.11	96.76	97.37	96.97	95.59	97.59	96.63	96.92	95.93	96.19	97.25	96.67	96.81	97.21	96.45	98.29	96.91	97.14	95.68	96.88	95.65	97.41	95.25	96.69	97.43	98.28	96.72	97.41	97.34	100	96.67	96.6
RSA-0000108259	95.87	94.1	94.88	95.11	94.38	94.87	94.39	95.81	95.6	95.56	96.08	94.8	94.61	94.92	96.04	95.15	94.95	94.39	95.56	95.13	95.04	95.15	94.91	95.11	77.71	94.66	96.5	95.36	96.15	96.22	96.43	95.55	96.43	95.51	96.36	95.74	97.11	96.99	97.15	96.13	97.43	95.3	96.7	96.67	96.92	95.81	96.14	95.25	97.31	95.81	97.52	96.05	97.26	96.53	100	94.95
RSA-0000108260	96.54	95.4	95.7	96.23	96.47	95.94	96.78	95.16	97.04	95.98	95.73	95.98	95.45	95.72	95.44	94.89	96.26	96.75	96.22	95.95	96.49	96.5	96.78	95.71	76.81	96.49	96.76	96.48	96.42	95.93	96.46	96.51	97.24	96.48	97.48	95.94	97.81	97.07	97.56	97.1	98.37	96.24	96.71	97.04	96.16	96.58	95.82	97.31	97.61	96.81	97.6	97.33	98.38	96.54	95.68	100
